128 41 82 128 121
85 48 120 94 126
88 68 108 88 154
75 37 58 85 95
62 65 94 69 139
====================
77 171 200 182 196
64 82 67 89 115
52 80 43 45 93
134 207 200 222 261
138 202 195 220 268
====================
133 163 72 107 142
200 226 163 137 213
100 149 107 40 63
154 210 160 86 147
247 291 165 187 243
====================
92 90 109 165 80
142 115 132 103 53
188 149 231 178 106
158 131 195 200 107
132 110 131 151 54
====================
89 79 122 53 16
140 157 181 112 31
110 156 143 135 66
116 136 158 99 51
169 217 200 192 99
====================
71 24 92 60 79
134 83 132 151 179
66 32 106 68 78
87 60 114 96 93
84 37 135 79 84
====================
72 97 62 48 104
183 206 157 109 196
99 108 79 46 97
131 184 105 84 176
187 201 129 86 169
====================
186 137 122 164 97
197 96 132 140 123
246 140 112 147 143
252 177 202 223 146
200 101 122 178 109
====================
134 54 119 81 102
105 17 100 73 100
68 22 69 87 93
156 65 162 126 137
204 109 188 164 158
====================
86 86 156 190 112
40 48 63 64 39
91 54 108 172 96
100 110 206 192 108
95 142 194 200 122
====================
161 96 95 139 110
260 189 109 228 162
141 107 73 120 91
276 155 133 251 166
218 151 100 187 133
====================
148 81 193 163 75
101 79 96 141 79
65 119 100 141 95
164 119 164 221 127
105 63 90 105 78
====================
178 217 144 308 102
133 202 100 223 88
161 200 124 254 97
123 132 70 170 72
59 87 70 159 31
====================
46 70 152 116 137
58 91 172 132 126
132 79 259 220 185
109 60 209 169 158
128 133 369 284 293
====================
34 62 57 34 17
107 210 96 189 118
103 170 132 108 68
120 130 107 161 84
114 118 93 150 81
====================
141 149 175 142 82
98 116 164 78 84
90 115 145 69 71
85 69 94 66 45
52 74 115 48 66
====================
93 80 126 118 103
70 76 135 105 101
101 80 52 88 107
127 195 172 113 216
140 155 88 108 162
====================
206 141 180 142 175
173 118 138 144 158
119 69 120 82 106
225 220 186 134 142
156 174 119 95 86
====================
47 46 89 94 85
81 47 31 167 138
70 73 100 132 105
74 73 44 159 107
127 95 94 234 175
====================
93 118 63 90 59
99 211 93 153 81
99 229 133 169 153
72 174 103 91 96
99 168 76 115 77
====================
96 63 127 99 136
144 107 168 121 208
114 88 122 94 174
127 98 123 125 139
106 76 97 106 106
====================
63 31 44 58 12
85 57 76 97 60
86 43 67 78 71
132 86 76 104 92
123 58 107 124 61
====================
67 123 117 178 97
154 251 216 199 64
128 162 116 169 43
87 220 163 210 124
92 161 108 134 20
====================
219 189 199 174 101
52 48 75 37 73
191 146 183 124 89
131 111 153 96 87
123 66 74 39 63
====================
43 146 132 102 140
112 182 217 106 166
51 148 64 38 178
72 132 132 91 156
115 159 153 41 166
====================
151 69 123 167 215
119 115 115 122 184
155 66 117 119 161
109 61 69 122 153
138 104 142 145 208
====================
158 129 166 211 113
194 152 177 228 126
119 82 87 101 79
149 124 163 226 122
64 37 68 72 56
====================
100 105 106 67 64
107 176 143 119 87
108 139 108 104 101
49 73 58 46 42
149 217 178 177 135
====================
114 120 125 143 170
172 133 127 164 114
154 168 137 189 169
153 147 187 151 172
176 154 153 168 124
====================
152 150 135 210 91
147 188 170 222 102
127 82 97 165 62
117 54 41 120 54
70 57 72 98 36
====================
124 193 211 182 144
160 214 279 247 187
132 216 252 148 228
86 135 188 164 127
60 74 68 69 47
====================
38 106 19 23 36
42 142 94 26 83
28 94 20 26 37
72 186 142 42 105
120 274 156 54 132
====================
54 124 65 74 96
125 224 30 69 94
63 151 69 77 100
109 219 78 109 132
100 219 108 130 166
====================
82 146 64 42 86
77 149 55 44 103
115 241 77 88 167
91 201 60 98 140
49 139 44 112 50
====================
161 121 113 130 148
214 195 162 160 214
171 153 152 132 176
214 243 198 141 250
162 211 185 118 210
====================
137 76 87 82 101
186 96 119 98 133
199 104 125 120 149
112 68 66 84 82
125 47 54 61 31
====================
143 112 133 90 69
51 102 63 133 55
94 94 56 142 44
162 158 172 90 118
99 94 93 67 69
====================
90 208 154 124 80
61 168 137 77 85
80 135 80 85 45
76 200 134 97 42
63 225 151 72 64
====================
112 13 32 101 88
148 68 45 149 78
166 46 66 180 84
66 46 0 74 54
83 13 31 68 53
====================
135 145 95 117 88
207 226 165 190 184
146 151 78 96 67
247 199 115 161 160
216 226 165 215 156
====================
